attempt,session_start_iso,key_index,key_char,press_epoch_s,release_epoch_s,press_elapsed_ms,release_elapsed_ms,dwell_ms,flight_ud_ms,flight_dd_ms
1,2025-10-20T17:43:53,1,F,1760996633.284700,1760996633.391906,0.000,105.297,105.297,0.000,0.000
1,2025-10-20T17:43:53,2,o,1760996633.737906,1760996633.829140,456.190,544.244,88.054,350.894,456.190
1,2025-10-20T17:43:53,3,o,1760996633.900487,1760996634.012533,618.713,730.130,111.418,74.468,162.523
1,2025-10-20T17:43:53,4,t,1760996634.329935,1760996634.445083,1043.597,1158.510,114.912,313.467,424.885
1,2025-10-20T17:43:53,5,b,1760996634.693537,1760996634.795357,1409.922,1510.054,100.132,251.412,366.324
1,2025-10-20T17:43:53,6,a,1760996635.050667,1760996635.164633,1765.795,1882.260,116.465,255.741,355.873
1,2025-10-20T17:43:53,7,l,1760996635.455634,1760996635.537574,2177.015,2256.421,79.407,294.754,411.220
1,2025-10-20T17:43:53,8,l,1760996635.636772,1760996635.735883,2351.325,2449.910,98.585,94.903,174.310
1,2025-10-20T17:43:53,9,1,1760996635.916646,1760996636.004505,2630.252,2721.867,91.615,180.342,278.927
1,2025-10-20T17:43:53,10,2,1760996636.115664,1760996636.235243,2829.867,2954.325,124.458,108.000,199.614
1,2025-10-20T17:43:53,11,3,1760996636.384950,1760996636.487132,3102.444,3203.612,101.168,148.119,272.578
1,2025-10-20T17:43:53,12,$,1760996637.139391,1760996637.235295,3854.207,3953.133,98.925,650.595,751.763
2,2025-10-20T17:44:21,1,F,1760996661.390644,1760996661.518846,0.000,128.212,128.212,0.000,0.000
2,2025-10-20T17:44:21,2,o,1760996661.748978,1760996661.826146,360.429,442.719,82.290,232.216,360.429
2,2025-10-20T17:44:21,3,o,1760996661.877682,1760996662.000903,486.820,614.510,127.689,44.102,126.392
2,2025-10-20T17:44:21,4,t,1760996662.311367,1760996662.435777,923.747,1044.921,121.174,309.238,436.927
2,2025-10-20T17:44:21,5,b,1760996662.571404,1760996662.714278,1181.263,1322.362,141.099,136.342,257.516
2,2025-10-20T17:44:21,6,a,1760996662.845963,1760996662.963571,1455.072,1574.808,119.735,132.710,273.809
2,2025-10-20T17:44:21,7,l,1760996663.135555,1760996663.224772,1744.010,1835.661,91.651,169.203,288.938
2,2025-10-20T17:44:21,8,l,1760996663.311123,1760996663.444445,1921.955,2054.035,132.079,86.294,177.945
2,2025-10-20T17:44:21,9,1,1760996663.522142,1760996663.640059,2134.170,2249.712,115.542,80.135,212.215
2,2025-10-20T17:44:21,10,2,1760996663.747034,1760996663.859522,2355.775,2473.841,118.065,106.063,221.605
2,2025-10-20T17:44:21,11,3,1760996663.971698,1760996664.097341,2584.154,2705.788,121.634,110.314,228.379
2,2025-10-20T17:44:21,12,$,1760996664.322589,1760996664.436924,2930.972,3049.875,118.904,225.183,346.817
3,2025-10-20T17:44:46,1,F,1760996686.104858,1760996686.227092,0.000,118.423,118.423,0.000,0.000
3,2025-10-20T17:44:46,2,o,1760996687.141337,1760996687.245349,1034.178,1132.752,98.575,915.755,1034.178
3,2025-10-20T17:44:46,3,o,1760996687.341500,1760996687.471812,1232.042,1359.839,127.797,99.290,197.865
3,2025-10-20T17:44:46,4,t,1760996687.672620,1760996687.818069,1565.276,1706.349,141.073,205.436,333.233
3,2025-10-20T17:44:46,5,b,1760996688.362560,1760996688.479078,2252.202,2373.203,121.001,545.853,686.926
3,2025-10-20T17:44:46,6,a,1760996688.630885,1760996688.754099,2523.789,2643.362,119.573,150.586,271.587
3,2025-10-20T17:44:46,7,l,1760996689.018210,1760996689.148958,2910.815,3035.863,125.049,267.453,387.025
3,2025-10-20T17:44:46,8,l,1760996689.317222,1760996689.453577,3207.700,3341.908,134.208,171.837,296.886
3,2025-10-20T17:44:46,9,1,1760996689.661007,1760996689.783455,3547.963,3679.903,131.939,206.055,340.263
3,2025-10-20T17:44:46,10,2,1760996689.979041,1760996690.129799,3866.397,4020.139,153.742,186.494,318.434
3,2025-10-20T17:44:46,11,3,1760996690.395499,1760996690.518620,4284.785,4408.915,124.130,264.646,418.388
3,2025-10-20T17:44:46,12,$,1760996690.840550,1760996690.978848,4731.683,4867.876,136.192,322.769,446.898
4,2025-10-20T17:45:29,1,F,1760996729.551862,1760996729.678307,0.000,125.230,125.230,0.000,0.000
4,2025-10-20T17:45:29,2,o,1760996730.222284,1760996730.330815,668.127,779.003,110.876,542.897,668.127
4,2025-10-20T17:45:29,3,o,1760996730.401178,1760996730.546362,852.767,996.738,143.970,73.765,184.641
4,2025-10-20T17:45:29,4,t,1760996730.683373,1760996730.807881,1132.299,1253.560,121.261,135.561,279.531
4,2025-10-20T17:45:29,5,b,1760996731.012837,1760996731.142793,1460.419,1588.730,128.311,206.859,328.120
4,2025-10-20T17:45:29,6,a,1760996731.265846,1760996731.377764,1720.982,1823.621,102.639,132.252,260.563
4,2025-10-20T17:45:29,7,l,1760996731.503234,1760996731.572159,1954.906,2019.968,65.062,131.286,233.925
4,2025-10-20T17:45:29,8,l,1760996731.623119,1760996731.766060,2074.294,2218.735,144.441,54.326,119.388
4,2025-10-20T17:45:29,9,1,1760996731.869292,1760996731.991381,2315.360,2443.223,127.863,96.625,241.066
4,2025-10-20T17:45:29,10,2,1760996732.107708,1760996732.234601,2554.790,2686.483,131.693,111.568,239.431
4,2025-10-20T17:45:29,11,3,1760996732.400064,1760996732.523210,2846.336,2970.286,123.950,159.853,291.546
4,2025-10-20T17:45:29,12,$,1760996732.803086,1760996732.918229,3249.409,3364.205,114.796,279.123,403.073
5,2025-10-20T17:45:39,1,F,1760996739.387934,1760996739.499441,0.000,116.435,116.435,0.000,0.000
5,2025-10-20T17:45:39,2,o,1760996739.753963,1760996739.824845,367.185,436.199,69.014,250.751,367.185
5,2025-10-20T17:45:39,3,o,1760996739.886721,1760996740.020043,501.082,632.322,131.240,64.883,133.896
5,2025-10-20T17:45:39,4,t,1760996740.130514,1760996740.224208,750.942,838.189,87.247,118.620,249.860
5,2025-10-20T17:45:39,5,b,1760996740.312176,1760996740.415829,925.220,1031.201,105.981,87.031,174.277
5,2025-10-20T17:45:39,6,a,1760996740.518070,1760996740.619862,1134.521,1236.573,102.053,103.320,209.301
5,2025-10-20T17:45:39,7,l,1760996740.752325,1760996740.823136,1367.144,1436.082,68.938,130.571,232.623
5,2025-10-20T17:45:39,8,l,1760996740.874210,1760996740.986636,1488.869,1607.390,118.521,52.788,121.725
5,2025-10-20T17:45:39,9,1,1760996741.068334,1760996741.170520,1680.270,1785.057,104.786,72.880,191.401
5,2025-10-20T17:45:39,10,2,1760996741.293116,1760996741.425741,1907.301,2045.648,138.347,122.244,227.031
5,2025-10-20T17:45:39,11,3,1760996741.568618,1760996741.690373,2179.863,2304.150,124.287,134.215,272.562
5,2025-10-20T17:45:39,12,$,1760996741.966548,1760996742.087362,2577.927,2703.008,125.081,273.777,398.064
